{
  "asset": {
    "version": "2.0"
  },
  "scene": 0,
  "scenes": [
    {
      "nodes": [0]
    }
  ],
  "nodes": [
    {
      "children": [1, 3, 5, 7, 9, 11, 13],
      "matrix": [0.001, 0, 0, 0, 0, 0.001, 0, 0, 0, 0, 0.001, 0, 0, 0, 0, 1],
      "extras": {
        "Dtk_PrototypeID": 1
      }
    },
    {
      "children": [2],
      "matrix": [
        -0.9181715559, -0.3961458484, 0.005427783547, 0, -0.3849818543,
        0.8888939021, -0.2483074762, 0, 0.09354125211, -0.2300784599,
        -0.9686660603, 0, -290.9596974, 179.4740876, 1409.485126, 1
      ],
      "name": "MA1440_T_AXIS",
      "extras": {
        "Dtk_PrototypeID": 2
      }
    },
    {
      "mesh": 0,
      "name": "Mesh"
    },
    {
      "children": [4],
      "matrix": [
        -0.9181715559, -0.3961458484, 0.005427783547, 0, 0.02591212589,
        -0.04637599498, 0.9985879174, 0, -0.3953347388, 0.9170156672,
        0.05284610056, 0, 208.9488594, -980.1013507, 1343.311103, 1
      ],
      "name": "MA1440_B_AXIS",
      "extras": {
        "Dtk_PrototypeID": 4
      }
    },
    {
      "mesh": 1,
      "name": "Mesh"
    },
    {
      "children": [6],
      "matrix": [
        -0.9181715559, -0.3961458484, 0.005427783547, 0, -0.02591212589,
        0.04637599498, -0.9985879174, 0, 0.3953347388, -0.9170156672,
        -0.05284610056, 0, -790.4055361, 1338.021504, 1478.903221, 1
      ],
      "name": "MA1440_R_AXIS",
      "extras": {
        "Dtk_PrototypeID": 6
      }
    },
    {
      "mesh": 2,
      "name": "Mesh"
    },
    {
      "children": [8],
      "matrix": [
        -1, 1.434963259e-13, 9.239758663e-14, 0, -1.434963259e-13, -1,
        -2.275066133e-17, 0, 9.239758663e-14, -2.275066135e-17, 1, 0,
        -704.0528523, 3.5971226e-11, 345, 1
      ],
      "name": "MA1440_BASE_AXIS",
      "extras": {
        "Dtk_PrototypeID": 8
      }
    },
    {
      "mesh": 3,
      "name": "Mesh"
    },
    {
      "children": [10],
      "matrix": [
        -0.9181850812, -0.3961516839, 8.502133188e-14, 0, 0.3961516839,
        -0.9181850812, -3.650512498e-14, 0, 9.252688525e-14, 1.628826448e-16, 1,
        0, -704.0528523, 3.571448692e-11, 345, 1
      ],
      "name": "MA1440_S_AXIS",
      "extras": {
        "Dtk_PrototypeID": 10
      }
    },
    {
      "mesh": 4,
      "name": "Mesh"
    },
    {
      "children": [12],
      "matrix": [
        -0.6257555396, -0.2699827255, 0.7318055292, 0, 0.3961516839,
        -0.9181850812, -3.691491557e-14, 0, 0.6719329193, 0.2899059927,
        0.6815135122, 0, -1051.749245, -150.0138853, 374.8890625, 1
      ],
      "name": "MA1440_L_AXIS",
      "extras": {
        "Dtk_PrototypeID": 12
      }
    },
    {
      "mesh": 5,
      "name": "Mesh"
    },
    {
      "children": [14],
      "matrix": [
        -0.9181715559, -0.3961458484, 0.005427783547, 0, 0.3961516839,
        -0.9181850812, -3.689106312e-14, 0, 0.004983709877, 0.002150225592,
        0.9999852695, 0, -296.7908036, 175.713535, 148.6236633, 1
      ],
      "name": "MA1440_U_AXIS",
      "extras": {
        "Dtk_PrototypeID": 14
      }
    },
    {
      "mesh": 6,
      "name": "Mesh"
    }
  ],
  "meshes": [
    {
      "primitives": [
        {
          "attributes": {
            "NORMAL": 2,
            "POSITION": 1
          },
          "indices": 0,
          "material": 0,
          "mode": 4
        }
      ]
    },
    {
      "primitives": [
        {
          "attributes": {
            "NORMAL": 5,
            "POSITION": 4
          },
          "indices": 3,
          "material": 1,
          "mode": 4
        }
      ]
    },
    {
      "primitives": [
        {
          "attributes": {
            "NORMAL": 8,
            "POSITION": 7
          },
          "indices": 6,
          "material": 1,
          "mode": 4
        }
      ]
    },
    {
      "primitives": [
        {
          "attributes": {
            "NORMAL": 11,
            "POSITION": 10
          },
          "indices": 9,
          "material": 1,
          "mode": 4
        }
      ]
    },
    {
      "primitives": [
        {
          "attributes": {
            "NORMAL": 14,
            "POSITION": 13
          },
          "indices": 12,
          "material": 2,
          "mode": 4
        },
        {
          "attributes": {
            "NORMAL": 14,
            "POSITION": 13
          },
          "indices": 15,
          "material": 1,
          "mode": 4
        }
      ]
    },
    {
      "primitives": [
        {
          "attributes": {
            "NORMAL": 18,
            "POSITION": 17
          },
          "indices": 16,
          "material": 1,
          "mode": 4
        }
      ]
    },
    {
      "primitives": [
        {
          "attributes": {
            "NORMAL": 21,
            "POSITION": 20
          },
          "indices": 19,
          "material": 2,
          "mode": 4
        },
        {
          "attributes": {
            "NORMAL": 21,
            "POSITION": 20
          },
          "indices": 22,
          "material": 1,
          "mode": 4
        }
      ]
    }
  ],
  "accessors": [
    {
      "bufferView": 0,
      "byteOffset": 0,
      "componentType": 5123,
      "count": 6660,
      "max": [2219],
      "min": [0],
      "type": "SCALAR"
    },
    {
      "bufferView": 1,
      "byteOffset": 0,
      "componentType": 5126,
      "count": 2220,
      "max": [895, 51.95269394, 52.5],
      "min": [882.5, -52.95269394, -52.5],
      "type": "VEC3"
    },
    {
      "bufferView": 1,
      "byteOffset": 26640,
      "componentType": 5126,
      "count": 2220,
      "max": [1, 1, 1],
      "min": [-1, -1, -1],
      "type": "VEC3"
    },
    {
      "bufferView": 2,
      "byteOffset": 0,
      "componentType": 5123,
      "count": 53676,
      "max": [14264],
      "min": [0],
      "type": "SCALAR"
    },
    {
      "bufferView": 3,
      "byteOffset": 0,
      "componentType": 5126,
      "count": 14265,
      "max": [889.5, 63.50053787, 1328.001099],
      "min": [740.2000122, -64.50041199, 1200],
      "type": "VEC3"
    },
    {
      "bufferView": 3,
      "byteOffset": 171180,
      "componentType": 5126,
      "count": 14265,
      "max": [1, 1, 1],
      "min": [-1, -1, -1],
      "type": "VEC3"
    },
    {
      "bufferView": 4,
      "byteOffset": 0,
      "componentType": 5123,
      "count": 104058,
      "max": [26530],
      "min": [0],
      "type": "SCALAR"
    },
    {
      "bufferView": 5,
      "byteOffset": 0,
      "componentType": 5126,
      "count": 26531,
      "max": [853.9678345, 94.00016022, 1364],
      "min": [420, -85.50020599, 1187],
      "type": "VEC3"
    },
    {
      "bufferView": 5,
      "byteOffset": 318372,
      "componentType": 5126,
      "count": 26531,
      "max": [1, 1, 1],
      "min": [-1, -1, -1],
      "type": "VEC3"
    },
    {
      "bufferView": 6,
      "byteOffset": 0,
      "componentType": 5123,
      "count": 65676,
      "max": [17513],
      "min": [0],
      "type": "SCALAR"
    },
    {
      "bufferView": 7,
      "byteOffset": 0,
      "componentType": 5126,
      "count": 17514,
      "max": [153.0000153, 150, 174.5],
      "min": [-285.3999939, -153.0000153, -0.003212680807],
      "type": "VEC3"
    },
    {
      "bufferView": 7,
      "byteOffset": 210168,
      "componentType": 5126,
      "count": 17514,
      "max": [1, 1, 1],
      "min": [-1, -1, -1],
      "type": "VEC3"
    },
    {
      "bufferView": 8,
      "byteOffset": 0,
      "componentType": 5125,
      "count": 117585,
      "max": [75142],
      "min": [0],
      "type": "SCALAR"
    },
    {
      "bufferView": 9,
      "byteOffset": 0,
      "componentType": 5126,
      "count": 75177,
      "max": [242.5278625, 198.5, 564],
      "min": [-223.4929962, -183, 153],
      "type": "VEC3"
    },
    {
      "bufferView": 9,
      "byteOffset": 902124,
      "componentType": 5126,
      "count": 75177,
      "max": [1, 1, 1],
      "min": [-1, -1, -1],
      "type": "VEC3"
    },
    {
      "bufferView": 8,
      "byteOffset": 470340,
      "componentType": 5125,
      "count": 174630,
      "max": [75176],
      "min": [5492],
      "type": "SCALAR"
    },
    {
      "bufferView": 10,
      "byteOffset": 0,
      "componentType": 5123,
      "count": 77883,
      "max": [21420],
      "min": [0],
      "type": "SCALAR"
    },
    {
      "bufferView": 11,
      "byteOffset": 0,
      "componentType": 5126,
      "count": 21421,
      "max": [245.3070679, -42.5, 1139.998779],
      "min": [44.99997711, -189.6999969, 358.6539001],
      "type": "VEC3"
    },
    {
      "bufferView": 11,
      "byteOffset": 257052,
      "componentType": 5126,
      "count": 21421,
      "max": [1, 1, 1],
      "min": [-1, -1, -1],
      "type": "VEC3"
    },
    {
      "bufferView": 12,
      "byteOffset": 0,
      "componentType": 5123,
      "count": 33846,
      "max": [25874],
      "min": [0],
      "type": "SCALAR"
    },
    {
      "bufferView": 13,
      "byteOffset": 0,
      "componentType": 5126,
      "count": 25892,
      "max": [420, 147, 1345],
      "min": [80, -199.4999847, 953.5],
      "type": "VEC3"
    },
    {
      "bufferView": 13,
      "byteOffset": 310704,
      "componentType": 5126,
      "count": 25892,
      "max": [1, 1, 1],
      "min": [-1, -1, -1],
      "type": "VEC3"
    },
    {
      "bufferView": 12,
      "byteOffset": 67692,
      "componentType": 5123,
      "count": 57231,
      "max": [25891],
      "min": [642],
      "type": "SCALAR"
    }
  ],
  "materials": [
    {
      "pbrMetallicRoughness": {
        "baseColorFactor": [0, 0.6980392157, 0, 1],
        "metallicFactor": 0,
        "roughnessFactor": 1
      },
      "doubleSided": true,
      "alphaMode": "OPAQUE",
      "extras": {
        "Dtk_ColorId": 2
      }
    },
    {
      "pbrMetallicRoughness": {
        "baseColorFactor": [0, 0.4117647059, 0.8980392157, 1],
        "metallicFactor": 0,
        "roughnessFactor": 1
      },
      "doubleSided": true,
      "alphaMode": "OPAQUE",
      "extras": {
        "Dtk_ColorId": 3
      }
    },
    {
      "pbrMetallicRoughness": {
        "baseColorFactor": [0.1176470588, 0.1176470588, 0.1176470588, 1],
        "metallicFactor": 0,
        "roughnessFactor": 1
      },
      "doubleSided": true,
      "alphaMode": "OPAQUE",
      "extras": {
        "Dtk_ColorId": 4
      }
    }
  ],
  "bufferViews": [
    {
      "buffer": 0,
      "byteOffset": 0,
      "byteLength": 13320,
      "target": 34963
    },
    {
      "buffer": 0,
      "byteOffset": 13320,
      "byteLength": 53280,
      "byteStride": 12,
      "target": 34962
    },
    {
      "buffer": 0,
      "byteOffset": 66600,
      "byteLength": 107352,
      "target": 34963
    },
    {
      "buffer": 0,
      "byteOffset": 173952,
      "byteLength": 342360,
      "byteStride": 12,
      "target": 34962
    },
    {
      "buffer": 0,
      "byteOffset": 516312,
      "byteLength": 208116,
      "target": 34963
    },
    {
      "buffer": 0,
      "byteOffset": 724428,
      "byteLength": 636744,
      "byteStride": 12,
      "target": 34962
    },
    {
      "buffer": 0,
      "byteOffset": 1361172,
      "byteLength": 131352,
      "target": 34963
    },
    {
      "buffer": 0,
      "byteOffset": 1492524,
      "byteLength": 420336,
      "byteStride": 12,
      "target": 34962
    },
    {
      "buffer": 0,
      "byteOffset": 1912860,
      "byteLength": 1168860,
      "target": 34963
    },
    {
      "buffer": 0,
      "byteOffset": 3081720,
      "byteLength": 1804248,
      "byteStride": 12,
      "target": 34962
    },
    {
      "buffer": 0,
      "byteOffset": 4885968,
      "byteLength": 155766,
      "target": 34963
    },
    {
      "buffer": 0,
      "byteOffset": 5041736,
      "byteLength": 514104,
      "byteStride": 12,
      "target": 34962
    },
    {
      "buffer": 0,
      "byteOffset": 5555840,
      "byteLength": 182154,
      "target": 34963
    },
    {
      "buffer": 0,
      "byteOffset": 5737996,
      "byteLength": 621408,
      "byteStride": 12,
      "target": 34962
    }
  ],
  "buffers": [
    {
      "byteLength": 6359404,
      "uri": "ROBOT_MH_12_YASKWA.bin"
    }
  ]
}
